Font Standard_by_LB
A 14 17 17 31 17 17 17 17
B 28 18 18 28 18 17 17 30
C 15 16 16 16 16 16 16 15
D 30 17 17 17 17 17 17 30
E 31 16 16 28 16 16 16 31
F 31 16 16 28 16 16 16 16
G 15 16 16 16 19 17 17 14
H 17 17 17 31 17 17 17 17
I 4 4 4 4 4 4 4 4
J 31 1 1 1 1 1 17 14
K 17 18 20 24 24 20 18 17
L 16 16 16 16 16 16 16 31
M 17 27 21 17 17 17 17 17
N 17 25 21 21 19 17 17 17
O 14 17 17 17 17 17 17 14
P 30 17 17 31 16 16 16 16
Q 14 17 17 17 17 21 19 15
R 30 17 17 30 24 20 18 17
S 14 17 16 8 6 1 17 14
T 31 4 4 4 4 4 4 4
U 17 17 17 17 17 17 17 14
V 17 17 17 17 17 17 10 4
W 17 17 17 17 17 21 27 17
X 17 17 10 4 4 10 17 17
Y 17 17 10 10 4 4 4 4
Z 31 1 2 18 4 8 16 31
. 0 0 0 0 0 0 12 12
> 0 0 16 8 4 8 16 0
< 0 0 1 2 4 2 1 0
0 14 17 19 21 25 17 17 14
1 6 10 2 2 2 2 2 2
2 12 18 2 4 8 16 16 30
3 12 18 2 12 2 1 17 14
4 16 16 18 18 31 2 2 2
5 31 16 16 30 1 1 17 14
6 14 17 16 30 17 17 17 14
7 31 1 1 1 1 1 1 1
8 14 17 17 14 17 17 17 14
9 14 17 17 17 15 1 17 14
: 0 12 12 0 0 12 12 0
↑ 0 0 4 14 14 31 0 0
← 0 2 6 14 14 6 2 0
↓ 0 0 31 14 14 4 0 0 
→ 0 16 24 28 28 24 16 0
- 0 0 0 0 31 0 0 0
